      		while true do
print("ammongus")
local args = {
    [1] = CFrame.new(47.37047576904297, 1489.2091064453125, -42.83792495727539, 0.8910674452781677, 0.4447135329246521, 0.09071215242147446, 9.841698300760982e-08, 0.19986313581466675, -0.9798238277435303, -0.4538709223270416, 0.8730891346931458, 0.17809148132801056)
}

game:GetService("Players").LocalPlayer.Character.platformer.Ability:FireServer(unpack(args))

local args = {
    [1] = CFrame.new(40.114234924316406, 1488.29248046875, -57.2466926574707, -0.8896681070327759, -0.44874781370162964, -0.08435679227113724, -1.030301248761134e-07, 0.1847469061613083, -0.9827861189842224, 0.45660778880119324, -0.8743534684181213, -0.16436347365379333)
}

game:GetService("Players").LocalPlayer.Character.platformer.Ability:FireServer(unpack(args))


local args = {
    [1] = CFrame.new(42.897769927978516, 1495.0797119140625, -49.73335647583008, 0.4705028235912323, -0.023214686661958694, -0.882093071937561, -8.166774279061428e-08, 0.9996538758277893, -0.026308663189411163, 0.8823984861373901, 0.012378373183310032, 0.47033998370170593)
}

game:GetService("Players").LocalPlayer.Character.platformer.Ability:FireServer(unpack(args))

local args = {
    [1] = CFrame.new(51.092735290527344, 1489.209716796875, -54.199371337890625, -0.5654603242874146, 0.8081290125846863, 0.16487005352973938, 7.640213084414427e-08, 0.1998969316482544, -0.9798169136047363, -0.8247755169868469, -0.5540475845336914, -0.11303384602069855)
}

game:GetService("Players").LocalPlayer.Character.platformer.Ability:FireServer(unpack(args))



wait(19)
end
